0.000000 4.014494 0.583239
0.000000 1.120374 0.598621
0.498531 -0.315204 0.381603
0.417307 3.309193 0.624775
0.000115 -5.417179 0.130741
0.877119 -3.048991 0.498032
1.000000 -1.147920 0.739525
0.000000 2.684668 0.856136
0.000000 -1.762576 0.070009
0.000000 -2.918183 0.556505
0.991960 -0.681262 0.726737
0.995126 3.867382 0.028901
1.000000 3.285144 0.480544
0.000000 2.437594 0.340892
0.999974 4.970296 0.108585
0.000000 -4.100141 0.010000
0.000000 3.295899 0.931669
0.976337 -1.186350 0.076785
1.000000 -3.425773 0.829768
0.000000 -4.333888 0.520615
0.941826 -1.629142 0.017731
0.000000 -3.413895 0.465072
1.000000 -0.779519 0.361827
1.000000 1.000919 0.289041
0.041891 2.078484 0.518326
0.000000 0.624028 0.123142
0.000000 -2.053990 0.676046
1.000000 1.818357 0.780786
1.000000 -4.863883 0.183264
1.000000 0.161232 0.651570
1.000000 -3.706506 0.840999
0.000000 2.665856 0.589312
1.000000 2.622740 0.143010
0.458558 -3.717512 0.325236
1.000000 5.423520 0.245094
1.000000 -1.593796 0.437666
0.006067 -5.002756 0.943510
1.000000 0.178835 0.409925
1.000000 -1.687964 0.444533
0.000000 -3.763638 0.807215
1.000000 6.113013 0.206610
1.000000 3.830277 0.103702
1.000000 -5.528077 0.635640
0.432646 -2.251206 0.191687
1.000000 5.699811 0.915159
0.000000 4.274047 0.103214
0.000000 0.921869 0.752647
0.000000 2.642778 0.976165
0.002214 -1.897906 0.322977
0.662335 -4.491515 0.795312
0.002963 -4.564302 0.190405
0.000000 -1.812376 0.940641
1.000000 3.753474 0.490310
1.000000 6.597263 0.073061
0.000013 2.609373 0.152013
1.000000 5.853476 0.389386
1.000000 -0.839263 0.443770
0.000000 3.019322 0.777703
1.000000 -3.834105 0.621387
0.000000 -1.798972 0.904508
1.000000 3.294000 0.961547
1.000000 -1.166762 0.764550
0.000000 0.241991 0.961058
0.000000 -0.946980 0.724967
0.000000 -3.452154 0.983581
0.558252 1.703778 0.594653
0.999951 3.475481 0.134648
0.000000 0.841161 0.750511
1.000000 1.767086 0.646718
0.000000 5.946095 0.851253
0.000000 -3.364846 0.554765
0.000000 -2.259209 0.170598
0.000000 2.310694 0.944853
0.999449 5.052349 0.080905
0.000000 2.617979 0.555437
0.000000 5.899133 0.718223
0.942060 -1.161251 0.014069
0.694796 -1.152853 0.360302
1.000000 -0.255583 0.489853
0.000000 -0.441428 0.548875
0.022791 0.604948 0.042940
0.000000 -2.065271 0.487259
1.000000 5.191056 0.453078
1.000000 -0.008109 0.744469
0.000000 -3.269945 0.807428
1.000000 -2.008860 0.797388
0.000000 -2.520454 0.629627
0.000000 -4.160170 0.442091
1.000000 1.845268 0.831172
0.000000 0.358399 0.605426
1.000000 2.065673 0.266121
0.000000 -3.224149 0.588244
1.000000 -1.621365 0.170721
0.999635 -0.504279 0.271645
0.147425 -3.651659 0.269021
1.000000 4.286309 0.317331
1.000000 -3.324757 0.825648
0.000000 2.749037 0.893246
1.000000 0.340419 0.427198
0.943922 -2.514094 0.955931
